1	0
2	1
3	2
4	3
5	4
8	5
10	6
11	7
12	8
13	9
14	10
15	11
17	12
18	13
19	14
20	15
21	16
25	17
27	18
29	19
30	20
31	21
32	22
33	23
35	24
37	25
39	26
42	27
44	28
46	29
49	30
50	31
52	32
53	33
54	34
56	35
58	36
60	37
62	38
63	39
65	40
66	41
67	42
70	43
72	44
75	45
77	46
78	47
79	48
80	49
82	50
83	51
84	52
85	53
86	54
87	55
90	56
92	57
93	58
96	59
99	60
100	61
102	62
104	63
105	64
106	65
107	66
109	67
112	68
114	69
115	70
116	71
117	72
118	73
120	74
121	75
123	76
126	77
128	78
131	79
133	80
134	81
135	82
136	83
138	84
141	85
143	86
144	87
146	88
147	89
148	90
150	91
152	92
153	93
155	94
156	95
157	96
158	97
159	98
160	99
161	100
162	101
164	102
166	103
167	104
168	105
169	106
170	107
172	108
173	109
174	110
176	111
177	112
180	113
181	114
182	115
183	116
186	117
188	118
193	119
195	120
196	121
197	122
198	123
199	124
200	125
202	126
203	127
204	128
205	129
206	130
207	131
208	132
209	133
212	134
215	135
216	136
218	137
220	138
223	139
224	140
226	141
227	142
228	143
230	144
232	145
233	146
234	147
235	148
239	149
241	150
243	151
244	152
245	153
246	154
247	155
248	156
249	157
250	158
252	159
253	160
254	161
255	162
257	163
258	164
260	165
263	166
265	167
266	168
267	169
271	170
272	171
273	172
276	173
278	174
279	175
280	176
282	177
283	178
284	179
285	180
286	181
287	182
288	183
290	184
291	185
292	186
294	187
295	188
296	189
298	190
300	191
301	192
302	193
305	194
306	195
307	196
308	197
309	198
310	199
311	200
312	201
313	202
314	203
316	204
317	205
318	206
320	207
321	208
322	209
324	210
325	211
327	212
329	213
330	214
331	215
333	216
334	217
337	218
338	219
342	220
343	221
344	222
346	223
347	224
348	225
349	226
351	227
352	228
354	229
355	230
356	231
357	232
358	233
359	234
365	235
366	236
368	237
369	238
370	239
372	240
373	241
374	242
376	243
379	244
380	245
381	246
383	247
385	248
386	249
387	250
388	251
391	252
392	253
393	254
394	255
395	256
396	257
398	258
399	259
400	260
404	261
406	262
407	263
409	264
410	265
411	266
413	267
414	268
415	269
417	270
419	271
420	272
424	273
426	274
427	275
428	276
429	277
431	278
432	279
434	280
435	281
436	282
437	283
438	284
441	285
443	286
444	287
446	288
449	289
450	290
451	291
452	292
455	293
458	294
460	295
462	296
464	297
465	298
466	299
469	300
470	301
471	302
472	303
475	304
476	305
477	306
478	307
479	308
480	309
482	310
485	311
486	312
487	313
488	314
490	315
492	316
493	317
494	318
495	319
496	320
500	321
502	322
503	323
506	324
507	325
508	326
509	327
510	328
513	329
514	330
515	331
516	332
517	333
518	334
520	335
522	336
523	337
524	338
525	339
526	340
527	341
529	342
532	343
535	344
536	345
538	346
539	347
540	348
541	349
542	350
543	351
544	352
546	353
547	354
548	355
551	356
553	357
554	358
555	359
556	360
557	361
558	362
559	363
562	364
565	365
566	366
567	367
568	368
570	369
572	370
573	371
574	372
577	373
578	374
580	375
581	376
584	377
585	378
589	379
590	380
591	381
593	382
597	383
598	384
600	385
601	386
602	387
606	388
609	389
610	390
611	391
612	392
615	393
616	394
617	395
618	396
619	397
620	398
621	399
623	400
624	401
626	402
628	403
629	404
631	405
632	406
633	407
634	408
635	409
637	410
638	411
639	412
641	413
642	414
643	415
645	416
647	417
648	418
649	419
651	420
652	421
653	422
657	423
658	424
659	425
661	426
663	427
666	428
667	429
668	430
669	431
670	432
671	433
673	434
674	435
675	436
676	437
678	438
679	439
680	440
682	441
683	442
687	443
688	444
691	445
696	446
697	447
698	448
699	449
700	450
701	451
705	452
707	453
708	454
709	455
710	456
713	457
714	458
715	459
716	460
719	461
720	462
722	463
724	464
725	465
728	466
730	467
731	468
732	469
735	470
742	471
743	472
744	473
745	474
746	475
747	476
749	477
750	478
753	479
754	480
756	481
757	482
758	483
759	484
763	485
766	486
767	487
768	488
770	489
773	490
774	491
775	492
776	493
777	494
778	495
779	496
781	497
784	498
786	499
790	500
792	501
796	502
797	503
799	504
801	505
802	506
803	507
806	508
807	509
809	510
810	511
812	512
813	513
814	514
815	515
816	516
818	517
819	518
820	519
821	520
822	521
823	522
824	523
829	524
830	525
833	526
834	527
839	528
841	529
843	530
845	531
847	532
848	533
849	534
850	535
851	536
852	537
853	538
856	539
857	540
858	541
861	542
862	543
863	544
865	545
868	546
869	547
870	548
871	549
873	550
874	551
878	552
879	553
881	554
882	555
884	556
885	557
887	558
889	559
890	560
891	561
893	562
895	563
896	564
897	565
898	566
899	567
900	568
902	569
905	570
907	571
908	572
914	573
920	574
921	575
922	576
923	577
924	578
926	579
929	580
932	581
935	582
936	583
939	584
943	585
950	586
951	587
954	588
955	589
956	590
958	591
960	592
962	593
969	594
972	595
973	596
974	597
977	598
983	599
984	600
985	601
988	602
989	603
990	604
991	605
992	606
998	607
999	608
1000	609
1002	610
1003	611
1004	612
1005	613
1007	614
1008	615
1011	616
1012	617
1015	618
1020	619
1023	620
1024	621
1025	622
1026	623
1028	624
1031	625
1033	626
1036	627
1037	628
1038	629
1039	630
1040	631
1041	632
1042	633
1043	634
1044	635
1045	636
1046	637
1047	638
1049	639
1050	640
1051	641
1052	642
1053	643
1054	644
1055	645
1056	646
1057	647
1058	648
1062	649
1063	650
1064	651
1065	652
1067	653
1069	654
1070	655
1071	656
1079	657
1080	658
1081	659
1083	660
1084	661
1089	662
1090	663
1091	664
1092	665
1093	666
1094	667
1095	668
1096	669
1097	670
1098	671
1100	672
1102	673
1103	674
1105	675
1106	676
1108	677
1110	678
1111	679
1112	680
1116	681
1119	682
1120	683
1121	684
1123	685
1125	686
1126	687
1129	688
1130	689
1131	690
1132	691
1133	692
1134	693
1135	694
1136	695
1137	696
1138	697
1139	698
1140	699
1142	700
1143	701
1145	702
1146	703
1147	704
1148	705
1150	706
1152	707
1154	708
1158	709
1159	710
1160	711
1161	712
1162	713
1163	714
1164	715
1165	716
1166	717
1168	718
1169	719
1170	720
1171	721
1172	722
1175	723
1176	724
1178	725
1179	726
1180	727
1183	728
1184	729
1185	730
1186	731
1187	732
1188	733
1190	734
1191	735
1192	736
1193	737
1196	738
1197	739
1198	740
1202	741
1204	742
1205	743
1206	744
1207	745
1208	746
1209	747
1210	748
1211	749
1212	750
1215	751
1217	752
1220	753
1221	754
1222	755
1223	756
1226	757
1227	758
1228	759
1230	760
1231	761
1235	762
1237	763
1238	764
1240	765
1245	766
1246	767
1247	768
1249	769
1250	770
1254	771
1255	772
1257	773
1258	774
1261	775
1262	776
1263	777
1265	778
1268	779
1270	780
1271	781
1272	782
1273	783
1276	784
1278	785
1279	786
1280	787
1281	788
1285	789
1286	790
1288	791
1289	792
1290	793
1291	794
1293	795
1295	796
1297	797
1299	798
1300	799
1301	800
1302	801
1303	802
1304	803
1305	804
1306	805
1307	806
1308	807
1309	808
1310	809
1311	810
1312	811
1313	812
1315	813
1317	814
1318	815
1319	816
1321	817
1323	818
1325	819
1326	820
1328	821
1331	822
1333	823
1335	824
1341	825
1352	826
1353	827
1354	828
1356	829
1358	830
1360	831
1361	832
1363	833
1364	834
1368	835
1369	836
1370	837
1371	838
1372	839
1373	840
1375	841
1376	842
1377	843
1379	844
1380	845
1381	846
1383	847
1384	848
1386	849
1387	850
1388	851
1389	852
1390	853
1391	854
1392	855
1393	856
1394	857
1395	858
1397	859
1399	860
1401	861
1404	862
1405	863
1406	864
1410	865
1412	866
1413	867
1417	868
1420	869
1422	870
1425	871
1426	872
1431	873
1437	874
1438	875
1439	876
1440	877
1441	878
1442	879
1443	880
1444	881
1446	882
1447	883
1449	884
1450	885
1453	886
1454	887
1455	888
1459	889
1461	890
1462	891
1463	892
1464	893
1465	894
1466	895
1470	896
1471	897
1472	898
1473	899
1475	900
1477	901
1480	902
1484	903
1485	904
1486	905
1487	906
1489	907
1490	908
1493	909
1494	910
1495	911
1497	912
1498	913
1500	914
1501	915
1503	916
1504	917
1507	918
1509	919
1510	920
1511	921
1513	922
1514	923
1517	924
1520	925
1522	926
1523	927
1525	928
1526	929
1527	930
1531	931
1534	932
1535	933
1538	934
1539	935
1542	936
1543	937
1544	938
1545	939
1546	940
1547	941
1549	942
1552	943
1554	944
1556	945
1558	946
1561	947
1562	948
1564	949
1567	950
1568	951
1570	952
1572	953
1573	954
1575	955
1577	956
1578	957
1579	958
1581	959
1582	960
1583	961
1585	962
1588	963
1589	964
1590	965
1591	966
1592	967
1594	968
1595	969
1596	970
1600	971
1601	972
1602	973
1606	974
1610	975
1611	976
1612	977
1613	978
1621	979
1622	980
1623	981
1624	982
1628	983
1632	984
1633	985
1635	986
1639	987
1640	988
1641	989
1644	990
1648	991
1649	992
1650	993
1651	994
1652	995
1653	996
1654	997
1656	998
1658	999
1659	1000
1660	1001
1661	1002
1662	1003
1663	1004
1665	1005
1666	1006
1667	1007
1669	1008
1671	1009
1673	1010
1677	1011
1678	1012
1679	1013
1680	1014
1681	1015
1682	1016
1684	1017
1685	1018
1686	1019
1689	1020
1690	1021
1692	1022
1693	1023
1694	1024
1695	1025
1698	1026
1701	1027
1702	1028
1703	1029
1704	1030
1705	1031
1707	1032
1708	1033
1709	1034
1711	1035
1713	1036
1714	1037
1715	1038
1716	1039
1717	1040
1719	1041
1722	1042
1725	1043
1727	1044
1728	1045
1729	1046
1730	1047
1731	1048
1732	1049
1738	1050
1740	1051
1741	1052
1742	1053
1743	1054
1747	1055
1749	1056
1750	1057
1752	1058
1755	1059
1756	1060
1759	1061
1760	1062
1762	1063
1769	1064
1770	1065
1772	1066
1773	1067
1777	1068
1780	1069
1781	1070
1782	1071
1783	1072
1785	1073
1787	1074
1789	1075
1794	1076
1799	1077
1804	1078
1810	1079
1811	1080
1814	1081
1816	1082
1817	1083
1819	1084
1821	1085
1822	1086
1824	1087
1826	1088
1831	1089
1832	1090
1834	1091
1835	1092
1836	1093
1837	1094
1839	1095
1840	1096
1841	1097
1842	1098
1843	1099
1844	1100
1845	1101
1847	1102
1850	1103
1851	1104
1852	1105
1853	1106
1854	1107
1855	1108
1856	1109
1857	1110
1859	1111
1860	1112
1861	1113
1862	1114
1863	1115
1865	1116
1866	1117
1867	1118
1870	1119
1871	1120
1872	1121
1874	1122
1875	1123
1876	1124
1878	1125
1879	1126
1880	1127
1881	1128
1883	1129
1884	1130
1885	1131
1886	1132
1887	1133
1888	1134
1890	1135
1891	1136
1892	1137
1894	1138
1895	1139
1896	1140
1897	1141
1898	1142
1899	1143
1901	1144
1902	1145
1903	1146
1904	1147
1906	1148
1908	1149
1910	1150
1913	1151
1914	1152
1915	1153
1918	1154
1920	1155
1921	1156
1923	1157
1924	1158
1926	1159
1932	1160
1934	1161
1935	1162
1936	1163
1937	1164
1938	1165
1939	1166
1940	1167
1944	1168
1945	1169
1946	1170
1947	1171
1951	1172
1952	1173
1953	1174
1957	1175
1958	1176
1959	1177
1960	1178
1961	1179
1963	1180
1964	1181
1965	1182
1968	1183
1970	1184
1971	1185
1972	1186
1973	1187
1975	1188
1977	1189
1979	1190
1980	1191
1981	1192
1984	1193
1985	1194
1986	1195
1988	1196
1989	1197
1992	1198
1993	1199
1995	1200
1996	1201
1997	1202
1998	1203
1999	1204
2000	1205
2001	1206
2002	1207
2003	1208
2004	1209
2005	1210
2006	1211
2007	1212
2008	1213
2009	1214
2011	1215
2012	1216
2015	1217
2016	1218
2019	1219
2021	1220
2022	1221
2023	1222
2026	1223
2027	1224
2028	1225
2029	1226
2033	1227
2035	1228
2036	1229
2037	1230
2038	1231
2041	1232
2042	1233
2043	1234
2044	1235
2045	1236
2046	1237
2047	1238
2048	1239
2049	1240
2050	1241
2051	1242
2053	1243
2054	1244
2055	1245
2056	1246
2057	1247
2058	1248
2060	1249
2061	1250
2064	1251
2065	1252
2068	1253
2070	1254
2071	1255
2075	1256
2076	1257
2077	1258
2080	1259
2082	1260
2083	1261
2084	1262
2086	1263
2089	1264
2091	1265
2092	1266
2095	1267
2097	1268
2098	1269
2099	1270
2101	1271
2102	1272
2103	1273
2105	1274
2106	1275
2108	1276
2109	1277
2110	1278
2111	1279
2115	1280
2116	1281
2117	1282
2119	1283
2120	1284
2121	1285
2123	1286
2124	1287
2125	1288
2127	1289
2128	1290
2129	1291
2132	1292
2134	1293
2138	1294
2139	1295
2140	1296
2141	1297
2142	1298
2144	1299
2145	1300
2146	1301
2147	1302
2149	1303
2150	1304
2151	1305
2152	1306
2154	1307
2157	1308
2159	1309
2160	1310
2161	1311
2162	1312
2163	1313
2164	1314
2169	1315
2170	1316
2174	1317
2177	1318
2180	1319
2181	1320
2184	1321
2186	1322
2188	1323
2191	1324
2192	1325
2193	1326
2194	1327
2198	1328
2200	1329
2201	1330
2202	1331
2204	1332
2213	1333
2214	1334
2215	1335
2217	1336
2219	1337
2228	1338
2231	1339
2233	1340
2235	1341
2236	1342
2237	1343
2238	1344
2240	1345
2242	1346
2243	1347
2244	1348
2247	1349
2248	1350
2250	1351
2251	1352
2255	1353
2257	1354
2259	1355
2261	1356
2262	1357
2263	1358
2266	1359
2267	1360
2268	1361
2269	1362
2270	1363
2271	1364
2272	1365
2274	1366
2275	1367
2276	1368
2277	1369
2278	1370
2279	1371
2280	1372
2281	1373
2282	1374
2283	1375
2285	1376
2286	1377
2287	1378
2290	1379
2291	1380
2292	1381
2293	1382
2294	1383
2295	1384
2296	1385
2297	1386
2298	1387
2301	1388
2302	1389
2303	1390
2306	1391
2307	1392
2308	1393
2311	1394
2312	1395
2315	1396
2316	1397
2317	1398
2319	1399
2325	1400
2327	1401
2329	1402
2333	1403
2335	1404
2337	1405
2338	1406
2340	1407
2341	1408
2342	1409
2344	1410
2345	1411
2347	1412
2348	1413
2350	1414
2351	1415
2352	1416
2353	1417
2354	1418
2355	1419
2357	1420
2359	1421
2360	1422
2361	1423
2362	1424
2365	1425
2368	1426
2369	1427
2370	1428
2371	1429
2372	1430
2373	1431
2374	1432
2375	1433
2376	1434
2377	1435
2378	1436
2379	1437
2380	1438
2381	1439
2382	1440
2383	1441
2384	1442
2385	1443
2387	1444
2388	1445
2390	1446
2391	1447
2393	1448
2394	1449
2395	1450
2396	1451
2399	1452
2400	1453
2401	1454
2402	1455
2403	1456
2404	1457
2405	1458
2406	1459
2408	1460
2409	1461
2410	1462
2411	1463
2412	1464
2413	1465
2414	1466
2415	1467
2417	1468
2418	1469
2424	1470
2426	1471
2431	1472
2432	1473
2433	1474
2434	1475
2435	1476
2436	1477
2437	1478
2438	1479
2441	1480
2442	1481
2443	1482
2447	1483
2449	1484
2450	1485
2452	1486
2453	1487
2456	1488
2458	1489
2459	1490
2460	1491
2461	1492
2463	1493
2465	1494
2466	1495
2467	1496
2468	1497
2469	1498
2470	1499
2471	1500
2473	1501
2474	1502
2475	1503
2476	1504
2477	1505
2480	1506
2482	1507
2483	1508
2485	1509
2487	1510
2492	1511
2493	1512
2496	1513
2498	1514
2501	1515
2502	1516
2504	1517
2505	1518
2507	1519
2509	1520
2510	1521
2511	1522
2513	1523
2514	1524
2515	1525
2521	1526
2522	1527
2524	1528
2525	1529
2527	1530
2530	1531
2531	1532
2532	1533
2533	1534
2537	1535
2538	1536
2539	1537
2540	1538
2541	1539
2543	1540
2544	1541
2545	1542
2546	1543
2548	1544
2551	1545
2554	1546
2555	1547
2556	1548
2557	1549
2564	1550
2566	1551
2567	1552
2568	1553
2571	1554
2572	1555
2575	1556
2576	1557
2577	1558
2578	1559
2579	1560
2581	1561
2582	1562
2583	1563
2584	1564
2589	1565
2590	1566
2591	1567
2592	1568
2596	1569
2598	1570
2600	1571
2603	1572
2606	1573
2607	1574
2609	1575
2610	1576
2613	1577
2614	1578
2615	1579
2620	1580
2624	1581
2626	1582
2627	1583
2628	1584
2630	1585
2631	1586
2632	1587
2635	1588
2637	1589
2638	1590
2641	1591
2642	1592
2643	1593
2646	1594
2649	1595
2650	1596
2651	1597
2652	1598
2655	1599
2657	1600
2659	1601
2661	1602
2663	1603
2666	1604
2667	1605
2668	1606
2669	1607
2670	1608
2671	1609
2672	1610
2673	1611
2674	1612
2675	1613
2677	1614
2678	1615
2679	1616
2681	1617
2683	1618
2684	1619
2685	1620
2686	1621
2689	1622
2691	1623
2692	1624
2693	1625
2696	1626
2697	1627
2698	1628
2699	1629
2701	1630
2702	1631
2703	1632
2704	1633
2705	1634
2707	1635
2710	1636
2711	1637
2712	1638
2713	1639
2714	1640
2715	1641
2717	1642
2720	1643
2722	1644
2724	1645
2725	1646
2726	1647
2727	1648
2730	1649
2731	1650
2732	1651
2733	1652
2734	1653
2735	1654
2736	1655
2739	1656
2740	1657
2742	1658
2746	1659
2747	1660
2750	1661
2751	1662
2752	1663
2754	1664
2755	1665
2758	1666
2759	1667
2761	1668
2762	1669
2765	1670
2766	1671
2767	1672
2768	1673
2769	1674
2770	1675
2771	1676
2772	1677
2773	1678
2774	1679
2778	1680
2781	1681
2783	1682
2785	1683
2788	1684
2789	1685
2790	1686
2791	1687
2792	1688
2793	1689
2796	1690
2797	1691
2799	1692
2800	1693
2801	1694
2803	1695
2804	1696
2805	1697
2806	1698
2807	1699
2809	1700
2810	1701
2815	1702
2816	1703
2817	1704
2818	1705
2819	1706
2821	1707
2823	1708
2826	1709
2827	1710
2828	1711
2830	1712
2832	1713
2833	1714
2836	1715
2838	1716
2839	1717
2840	1718
2841	1719
2843	1720
2844	1721
2845	1722
2846	1723
2847	1724
2849	1725
2851	1726
2852	1727
2857	1728
2859	1729
2861	1730
2863	1731
2865	1732
2866	1733
2870	1734
2872	1735
2873	1736
2874	1737
2875	1738
2878	1739
2882	1740
2883	1741
2886	1742
2887	1743
2889	1744
2891	1745
2892	1746
2895	1747
2896	1748
2897	1749
2898	1750
2900	1751
2902	1752
2903	1753
2905	1754
2906	1755
2908	1756
2909	1757
2912	1758
2913	1759
2918	1760
2920	1761
2921	1762
2924	1763
2930	1764
2931	1765
2932	1766
2935	1767
2936	1768
2937	1769
2938	1770
2940	1771
2942	1772
2943	1773
2944	1774
2945	1775
2947	1776
2948	1777
2949	1778
2951	1779
2953	1780
2955	1781
2956	1782
2958	1783
2959	1784
2961	1785
2963	1786
2964	1787
2965	1788
2966	1789
2968	1790
2969	1791
2970	1792
2971	1793
2972	1794
2973	1795
2976	1796
2977	1797
2978	1798
2980	1799
2981	1800
2983	1801
2984	1802
2988	1803
2989	1804
2990	1805
2991	1806
2992	1807
2993	1808
2996	1809
2997	1810
2998	1811
2999	1812
3001	1813
3002	1814
3003	1815
3005	1816
3006	1817
3007	1818
3009	1819
3010	1820
3011	1821
3012	1822
3013	1823
3014	1824
3017	1825
3018	1826
3019	1827
3020	1828
3021	1829
3023	1830
3025	1831
3026	1832
3030	1833
3031	1834
3032	1835
3033	1836
3036	1837
3038	1838
3040	1839
3041	1840
3043	1841
3044	1842
3045	1843
3046	1844
3049	1845
3050	1846
3051	1847
3052	1848
3053	1849
3054	1850
3055	1851
3057	1852
3059	1853
3060	1854
3061	1855
3062	1856
3065	1857
3066	1858
3067	1859
3069	1860
3072	1861
3074	1862
3075	1863
3077	1864
3078	1865
3081	1866
3082	1867
3083	1868
3084	1869
3085	1870
3087	1871
3090	1872
3091	1873
3093	1874
3095	1875
3097	1876
3098	1877
3099	1878
3100	1879
3101	1880
3102	1881
3103	1882
3105	1883
3106	1884
3107	1885
3108	1886
3111	1887
3113	1888
3114	1889
3120	1890
3121	1891
3122	1892
3124	1893
3127	1894
3128	1895
3129	1896
3131	1897
3135	1898
3136	1899
3137	1900
3141	1901
3142	1902
3143	1903
3144	1904
3146	1905
3147	1906
3148	1907
3150	1908
3151	1909
3152	1910
3153	1911
3154	1912
3156	1913
3157	1914
3158	1915
3159	1916
3161	1917
3162	1918
3163	1919
3164	1920
3167	1921
3169	1922
3171	1923
3173	1924
3174	1925
3175	1926
3176	1927
3177	1928
3179	1929
3183	1930
3185	1931
3186	1932
3188	1933
3189	1934
3196	1935
3197	1936
3199	1937
3200	1938
3201	1939
3202	1940
3203	1941
3204	1942
3208	1943
3210	1944
3211	1945
3213	1946
3214	1947
3215	1948
3219	1949
3220	1950
3221	1951
3223	1952
3224	1953
3225	1954
3228	1955
3229	1956
3230	1957
3231	1958
3232	1959
3233	1960
3234	1961
3236	1962
3237	1963
3240	1964
3242	1965
3243	1966
3245	1967
3247	1968
3248	1969
3249	1970
3251	1971
3253	1972
3254	1973
3255	1974
3256	1975
3258	1976
3259	1977
3260	1978
3262	1979
3263	1980
3264	1981
3266	1982
3267	1983
3268	1984
3270	1985
3272	1986
3273	1987
3274	1988
3275	1989
3277	1990
3278	1991
3281	1992
3282	1993
3283	1994
3284	1995
3286	1996
3287	1997
3288	1998
3289	1999
3290	2000
3291	2001
3292	2002
3293	2003
3294	2004
3295	2005
3297	2006
3299	2007
3300	2008
3301	2009
3303	2010
3306	2011
3308	2012
3311	2013
3314	2014
3315	2015
3316	2016
3317	2017
3318	2018
3319	2019
3320	2020
3322	2021
3323	2022
3324	2023
3325	2024
3326	2025
3328	2026
3329	2027
3331	2028
3332	2029
3333	2030
3334	2031
3338	2032
3339	2033
3340	2034
3342	2035
3345	2036
3346	2037
3347	2038
3351	2039
3352	2040
3353	2041
3354	2042
3355	2043
3356	2044
3358	2045
3359	2046
3360	2047
3361	2048
3362	2049
3363	2050
3364	2051
3365	2052
3366	2053
3367	2054
3368	2055
3369	2056
3372	2057
3373	2058
3374	2059
3375	2060
3377	2061
3380	2062
3381	2063
3382	2064
3383	2065
3385	2066
3387	2067
3388	2068
3389	2069
3390	2070
3391	2071
3392	2072
3393	2073
3396	2074
3397	2075
3398	2076
3399	2077
3400	2078
3402	2079
3403	2080
3406	2081
3408	2082
3410	2083
3411	2084
3414	2085
3417	2086
3418	2087
3419	2088
3420	2089
3421	2090
3422	2091
3423	2092
3424	2093
3425	2094
3426	2095
3427	2096
3429	2097
3431	2098
3432	2099
3433	2100
3434	2101
3436	2102
3437	2103
3439	2104
3440	2105
3442	2106
3443	2107
3444	2108
3445	2109
3446	2110
3447	2111
3448	2112
3450	2113
3451	2114
3452	2115
3453	2116
3455	2117
3456	2118
3460	2119
3464	2120
3465	2121
3466	2122
3467	2123
3468	2124
3471	2125
3473	2126
3474	2127
3477	2128
3478	2129
3479	2130
3482	2131
3483	2132
3484	2133
3488	2134
3489	2135
3490	2136
3491	2137
3492	2138
3493	2139
3495	2140
3496	2141
3497	2142
3498	2143
3499	2144
3500	2145
3501	2146
3502	2147
3506	2148
3507	2149
3508	2150
3510	2151
3511	2152
3512	2153
3513	2154
3514	2155
3515	2156
3516	2157
3518	2158
3519	2159
3520	2160
3521	2161
3522	2162
3523	2163
3526	2164
3527	2165
3528	2166
3530	2167
3531	2168
3533	2169
3534	2170
3535	2171
3536	2172
3537	2173
3539	2174
3540	2175
3541	2176
3542	2177
3543	2178
3544	2179
3547	2180
3548	2181
3549	2182
3551	2183
3552	2184
3555	2185
3556	2186
3557	2187
3561	2188
3563	2189
3564	2190
3567	2191
3568	2192
3569	2193
3570	2194
3572	2195
3573	2196
3574	2197
3579	2198
3580	2199
3581	2200
3582	2201
3583	2202
3585	2203
3588	2204
3589	2205
3590	2206
3591	2207
3593	2208
3599	2209
3600	2210
3601	2211
3603	2212
3605	2213
3606	2214
3608	2215
3609	2216
3610	2217
3611	2218
3612	2219
3613	2220
3614	2221
3615	2222
3618	2223
3619	2224
3620	2225
3623	2226
3624	2227
3625	2228
3628	2229
3629	2230
3631	2231
3632	2232
3633	2233
3634	2234
3635	2235
3636	2236
3638	2237
3639	2238
3640	2239
3641	2240
3643	2241
3644	2242
3646	2243
3649	2244
3651	2245
3652	2246
3653	2247
3654	2248
3656	2249
3657	2250
3658	2251
3660	2252
3661	2253
3662	2254
3663	2255
3664	2256
3665	2257
3670	2258
3671	2259
3673	2260
3674	2261
3675	2262
3676	2263
3677	2264
3678	2265
3679	2266
3680	2267
3681	2268
3682	2269
3683	2270
3684	2271
3685	2272
3688	2273
3689	2274
3690	2275
3691	2276
3692	2277
3693	2278
3695	2279
3696	2280
3697	2281
3700	2282
3701	2283
3702	2284
3703	2285
3704	2286
3706	2287
3709	2288
3711	2289
3712	2290
3713	2291
3714	2292
3715	2293
3716	2294
3718	2295
3721	2296
3725	2297
3727	2298
3730	2299
3731	2300
3732	2301
3733	2302
3735	2303
3737	2304
3738	2305
3740	2306
3745	2307
3747	2308
3748	2309
3749	2310
3750	2311
3751	2312
3754	2313
3755	2314
3756	2315
3759	2316
3760	2317
3761	2318
3763	2319
3766	2320
3767	2321
3768	2322
3769	2323
3771	2324
3774	2325
3775	2326
3776	2327
3777	2328
3778	2329
3780	2330
3781	2331
3782	2332
3783	2333
3785	2334
3786	2335
3788	2336
3789	2337
3792	2338
3793	2339
3794	2340
3796	2341
3800	2342
3801	2343
3802	2344
3803	2345
3804	2346
3805	2347
3807	2348
3809	2349
3810	2350
3811	2351
3813	2352
3814	2353
3816	2354
3817	2355
3819	2356
3820	2357
3821	2358
3822	2359
3824	2360
3825	2361
3826	2362
3827	2363
3828	2364
3829	2365
3830	2366
3832	2367
3833	2368
3834	2369
3836	2370
3837	2371
3838	2372
3839	2373
3840	2374
3841	2375
3843	2376
3847	2377
3848	2378
3851	2379
3852	2380
3853	2381
3854	2382
3855	2383
3858	2384
3859	2385
3860	2386
3861	2387
3862	2388
3863	2389
3864	2390
3865	2391
3868	2392
3873	2393
3874	2394
3875	2395
3879	2396
3880	2397
3881	2398
3882	2399
3883	2400
3885	2401
3886	2402
3888	2403
3889	2404
3892	2405
3893	2406
3894	2407
3896	2408
3897	2409
3900	2410
3901	2411
3902	2412
3903	2413
3905	2414
3907	2415
3908	2416
3909	2417
3910	2418
3911	2419
3913	2420
3915	2421
3916	2422
3917	2423
3918	2424
3919	2425
3921	2426
3923	2427
3924	2428
3925	2429
3926	2430
3927	2431
3928	2432
3929	2433
3931	2434
3933	2435
3938	2436
3941	2437
3942	2438
3943	2439
3944	2440
3945	2441
3949	2442
3950	2443
3951	2444
